function goalPos = FK()
    goalPos = [4095 4095 4095 4095 4095 4095];
    